1.60155		42.54625
53.84782	23.42408
67.70995	33.93911
-61.79643	17.06082
-63.06862	18.22055
20.16833	41.15333
45.03819	40.0691
-69.06009	12.22608
17.87389	-11.20269
-0.07139	-75.25097
-63.61667	-38.4161
-170.13222	-14.27097
14.55007	47.51623
133.77514	-25.2744
-69.96834	12.52111
47.57693	40.14311
17.67908	43.91589
-59.5432	13.19389
90.35633	23.68499
4.46994		50.50389
-1.56159	12.23833
25.48583	42.73388
50.63777	25.93041
29.91889	-3.37306
2.31583		9.30769
-64.75737	32.32138
114.72767	4.53528
-63.58865	-16.29015
-51.92528	-14.235
-77.39628	25.03428
90.4336		27.51416
3.41319		-54.4232
24.68487	-22.32847
27.95339	53.70981
-88.49765	17.18988
-106.34677	56.13037
96.87096	-12.16417
21.75866	-4.03833
20.93944	6.61111
15.82766	-0.22802
8.22751		46.81819
-5.54708	7.53999
-159.77767	-21.23674
-71.54297	-35.67515
12.35472	7.36972
104.1954	35.86166
-74.29733	4.57087
-83.75343	9.74892
-77.78117	21.52176
-24.0132	16.00208
105.69045	-10.44753
33.42986	35.12641
15.47296	49.81749
10.45153	51.16569
42.59028	11.82514
9.50179		56.26392
-61.37098	15.415
-70.16265	18.73569
1.65963		28.03389
-78.18341	-1.83124
25.01361	58.59527
30.8025		26.82055
-12.88583	24.21553
39.78233	15.17938
-3.74922	40.46367
40.48967	9.145
25.74815	61.92411
179.41441	-16.57819
-59.52361	-51.79625
150.55081	7.42555
-6.91181	61.89264
2.21375		46.22764
11.60944	-0.80369
-3.43597	55.37805
-61.60417	12.26278
43.35689	42.31541
-53.12578	3.93389
-2.58528	49.46569
-1.02319	7.94653
-5.34537	36.13774
-42.6043	71.70694
-15.31014	13.44318
-9.69665	9.94559
-62.06764	16.99597
10.2679		1.6508
21.82431	39.07421
-36.58791	-54.42958
-90.23076	15.78347
144.79373	13.4443
-15.18041	11.80375
-58.93018	4.86042
34.30883	31.35468
114.1095	22.39643
73.50416	-53.08181
-86.24191	15.2
15.2		45.1
-72.28522	18.97119
19.5033		47.16249
113.92133	-0.78928
-8.24389	53.41291
34.85161	31.04605
-4.54806	54.23611
78.96288	20.59368
71.87652	-6.34319
43.67929	33.22319
53.68805	32.42791
-19.02084	64.96305
12.56738	41.87194
-2.13125	49.21444
-77.29751	18.10958
36.23841	30.58516
138.25292	36.20482
37.90619	-0.02356
74.7661		41.20438
104.99096	12.56568
-168.73404	-3.37042
43.87222	-11.875
-62.783		17.35782
127.51009	40.33985
127.76692	35.90776
47.48177	29.31166
-80.56696	19.51347
66.92368	48.01957
102.4955	19.85627
35.86229	33.85472
-60.97889	13.90944
9.55537		47.166
80.7718		7.87305
-9.4295		6.42806
28.23361	-29.60999
23.88128	55.16944
6.12958		49.81527
24.60319	56.87964
17.22833	26.3351
-7.09262	31.7917
7.41284		43.7503
28.36989	47.41163
19.37439	42.70868
46.86911	-18.76695
171.18448	7.13147
21.74528	41.60864
-3.99617	17.57069
95.95622	21.91397
103.84666	46.8625
113.54387	22.19875
145.38469	17.33083
-61.02417	14.64153
-10.94084	21.00789
-62.18737	16.7425
14.37542	35.9375
57.55215	-20.3484
73.22068	3.20278
34.30153	-13.25431
-102.55278	23.6345
101.97577	4.21048
35.52956	-18.6657
18.49041	-22.95764
165.61804	-20.90431
8.08167		17.60779
167.95471	-29.04084
8.67528		9.082
-85.20723	12.86542
5.29127		52.13263
8.46895		60.47202
84.12401	28.39486
166.9315	-0.52278
-169.86723	-19.05445
174.88597	-40.90056
55.92326	21.51258
-80.78213	8.53798
-75.01515	-9.18997
-149.40684	-17.67974
143.95555	-6.31499
121.77402	12.87972
69.34512	30.37532
19.14514	51.91944
-56.27111	46.94194
-127.43931	-24.70362
-66.59015	18.22083
35.23315	31.95216
-8.22445	39.39987
134.58252	7.51498
-58.44383	-23.4425
51.18388	25.35483
55.53638	-21.11514
24.96676	45.94316
21.00586	44.01652
105.31876	61.52401
29.87389	-1.94028
45.07916	23.88594
160.15619	-9.64571
55.49198	-4.67957
30.21764	12.86281
18.6435		60.12816
103.81984	1.35208
-10.0307	-24.14347
14.99546	46.15124
23.67027	77.5536
19.69902	48.66903
-11.77989	8.46056
12.45778	43.94236
-14.45236	14.4974
46.19962	5.15215
-56.02778	3.91931
6.61308		0.18636
-88.89653	13.79419
38.99682	34.80208
31.46587	-26.5225
-71.79793	21.69403
18.73221	15.45417
69.34856	-49.28037
0.82478		8.61954
100.99254	15.87003
71.27609	38.86103
-171.85588	-8.96736
125.72754	-8.87422
59.55628	38.96972
9.5375		33.88692
-175.19824	-21.17899
35.24332	38.96375
-61.2225	10.6918
177.64933	-7.10954
120.96052	23.69781
34.88882	-6.36903
31.16558	48.37943
32.29028	1.37333
-95.71289	37.09024
-55.76584	-32.52278
64.58526	41.37749
12.45339	41.90292
-61.28723	12.98431
-66.58973	6.42375
-64.63997	18.4207
-64.89634	18.33577
108.2772	14.05832
166.95916	-15.37671
-177.1561	-13.76875
-172.10463	-13.75903
20.90298	42.60264
48.51639	15.55273
45.16624	-12.8275
22.93751	-30.55948
27.84933	-13.1339
29.15486	-19.01544

